0 0 0 0 0 0 0 0 0 0 0 0 : [0.0, 1.0, 2.0, 3.0, 4.0, 5.0]
1 1 1 1 1 1 1 1 1 1 1 1 : [2.0, 4.0, 6.0, 8.0, 10.0, 12.0]
0 0 0 0 0 0 0 0 0 0 0 1 : [0.0, 1.0, 2.0, 3.0, 4.0, 7.333333333333334]
0 1 1 1 1 1 1 1 1 1 1 1 : [0.6666666666666666, 4.0, 6.0, 8.0, 10.0, 12.0]
1 0 0 0 0 0 0 0 0 0 0 0 : [1.3333333333333333, 1.0, 2.0, 3.0, 4.0, 5.0]
1 1 1 1 1 1 1 1 1 1 1 0 : [2.0, 4.0, 6.0, 8.0, 10.0, 9.666666666666668]
0 0 0 0 0 1 0 0 0 0 0 1 : [0.0, 1.0, 3.333333333333333, 3.0, 4.0, 7.333333333333334]
0 1 1 1 1 1 0 1 1 1 1 1 : [0.6666666666666666, 4.0, 6.0, 4.666666666666667, 10.0, 12.0]
1 0 0 0 0 0 1 0 0 0 0 0 : [1.3333333333333333, 1.0, 2.0, 6.333333333333334, 4.0, 5.0]
1 1 1 1 1 0 1 1 1 1 1 0 : [2.0, 4.0, 4.666666666666666, 8.0, 10.0, 9.666666666666668]
0 0 0 1 0 0 0 1 0 0 0 1 : [0.0, 2.0, 2.0, 4.666666666666667, 4.0, 7.333333333333334]
0 1 1 1 0 1 1 1 0 1 1 1 : [0.6666666666666666, 4.0, 3.333333333333333, 8.0, 6.0, 12.0]
1 0 0 0 1 0 0 0 1 0 0 0 : [1.3333333333333333, 1.0, 4.666666666666666, 3.0, 8.0, 5.0]
1 1 1 0 1 1 1 0 1 1 1 0 : [2.0, 3.0, 6.0, 6.333333333333334, 10.0, 9.666666666666668]
0 0 1 0 0 1 0 0 1 0 0 1 : [0.0, 3.0, 3.333333333333333, 3.0, 8.0, 7.333333333333334]
0 1 1 0 1 1 0 1 1 0 1 1 : [0.6666666666666666, 3.0, 6.0, 4.666666666666667, 8.0, 12.0]
1 0 0 1 0 0 1 0 0 1 0 0 : [1.3333333333333333, 2.0, 2.0, 6.333333333333334, 6.0, 5.0]
1 1 0 1 1 0 1 1 0 1 1 0 : [2.0, 2.0, 4.666666666666666, 8.0, 6.0, 9.666666666666668]
0 1 0 1 0 1 0 1 0 1 0 1 : [0.6666666666666666, 2.0, 3.333333333333333, 4.666666666666667, 6.0, 7.333333333333334]
1 0 1 0 1 0 1 0 1 0 1 0 : [1.3333333333333333, 3.0, 4.666666666666666, 6.333333333333334, 8.0, 9.666666666666668]