0 0 0 0 0 0 0 0 0 0 0 0 : [0.0, -8.0, -8.0]
1 1 1 1 1 1 1 1 1 1 1 1 : [15.0, 7.0, 8.0]
0 0 0 0 0 0 0 0 0 0 0 1 : [0.0, -8.0, -6.933333333333334]
0 1 1 1 1 1 1 1 1 1 1 1 : [7.0, 7.0, 8.0]
1 0 0 0 0 0 0 0 0 0 0 0 : [8.0, -8.0, -8.0]
1 1 1 1 1 1 1 1 1 1 1 0 : [15.0, 7.0, 6.933333333333334]
0 0 0 0 0 1 0 0 0 0 0 1 : [0.0, -4.0, -6.933333333333334]
0 1 1 1 1 1 0 1 1 1 1 1 : [7.0, 5.0, 8.0]
1 0 0 0 0 0 1 0 0 0 0 0 : [8.0, -6.0, -8.0]
1 1 1 1 1 0 1 1 1 1 1 0 : [15.0, 3.0, 6.933333333333334]
0 0 0 1 0 0 0 1 0 0 0 1 : [1.0, -7.0, -6.933333333333334]
0 1 1 1 0 1 1 1 0 1 1 1 : [7.0, -1.0, -0.5333333333333332]
1 0 0 0 1 0 0 0 1 0 0 0 : [8.0, 0.0, 0.5333333333333332]
1 1 1 0 1 1 1 0 1 1 1 0 : [14.0, 6.0, 6.933333333333334]
0 0 1 0 0 1 0 0 1 0 0 1 : [2.0, -4.0, 1.5999999999999996]
0 1 1 0 1 1 0 1 1 0 1 1 : [6.0, 5.0, 3.7333333333333325]
1 0 0 1 0 0 1 0 0 1 0 0 : [9.0, -6.0, -3.7333333333333334]
1 1 0 1 1 0 1 1 0 1 1 0 : [13.0, 3.0, -1.5999999999999996]
0 1 0 1 0 1 0 1 0 1 0 1 : [5.0, -3.0, -2.666666666666667]
1 0 1 0 1 0 1 0 1 0 1 0 : [10.0, 2.0, 2.666666666666666]